$SPEC_ID:
No sample description was entered.
$SPEC_REM:
DET# 2
DETDESC# BGO detector for MSc Detector lab
AP# Maestro Version 7.01
$DATE_MEA:
10/07/2019 18:35:19
$MEAS_TIM:
600 602
$DATA:
0 1023
       0
       0
       0
       0
       0
     180
    1418
    2278
    3425
    4903
    6983
    9300
   11591
   13703
   15119
   15679
   15679
   15070
   13631
   11843
   10003
    8348
    6463
    5288
    4236
    3421
    2683
    2338
    2080
    2006
    1961
    2005
    2089
    2252
    2407
    2544
    2650
    3035
    3160
    3335
    3601
    3646
    3921
    4002
    4082
    4254
    4126
    4069
    4035
    3882
    3639
    3500
    3293
    2929
    2684
    2482
    2224
    1984
    1758
    1645
    1492
    1274
    1215
    1140
    1048
    1009
     954
     914
     901
     862
     890
     893
     783
     857
     885
     849
     827
     835
     822
     829
     859
     935
     903
     909
     960
     844
     959
     912
     904
     941
     908
     967
     985
     905
     916
     976
     923
     953
     975
     913
     909
     872
     882
     854
     872
     895
     892
     856
     887
     859
     839
     829
     788
     814
     809
     731
     782
     828
     768
     718
     754
     725
     740
     718
     764
     741
     708
     720
     677
     708
     677
     677
     661
     626
     647
     584
     639
     585
     593
     612
     549
     578
     596
     549
     601
     565
     579
     560
     601
     606
     633
     595
     584
     571
     597
     636
     659
     678
     684
     663
     708
     755
     752
     816
     842
     803
     865
     892
     909
     973
     955
    1006
    1066
     979
     990
    1067
    1046
    1047
    1071
    1056
    1073
    1093
    1117
    1136
    1136
    1131
    1112
    1068
    1160
    1109
    1146
    1177
    1213
    1154
    1251
    1254
    1272
    1318
    1395
    1373
    1417
    1528
    1580
    1698
    1703
    1680
    1680
    1851
    1825
    2003
    1958
    1969
    2085
    2019
    2047
    2071
    2111
    2254
    2192
    2051
    2131
    2023
    2063
    2008
    1983
    1896
    1934
    1883
    1764
    1686
    1603
    1560
    1515
    1472
    1380
    1333
    1229
    1190
    1134
     998
     966
     854
     845
     796
     705
     675
     585
     626
     556
     489
     441
     389
     379
     345
     321
     310
     257
     223
     231
     219
     197
     180
     170
     144
     148
     132
     106
     104
     108
      78
     104
      88
      75
      91
      85
      69
      62
      60
      69
      56
      69
      66
      56
      64
      42
      56
      57
      51
      53
      52
      51
      46
      45
      43
      52
      53
      56
      39
      55
      56
      49
      53
      48
      37
      54
      52
      37
      50
      46
      44
      47
      48
      39
      39
      50
      47
      45
      48
      38
      36
      47
      55
      44
      34
      42
      39
      55
      41
      33
      32
      42
      37
      34
      41
      35
      32
      46
      38
      31
      43
      45
      45
      44
      40
      48
      37
      44
      39
      36
      37
      46
      25
      46
      41
      34
      43
      38
      49
      40
      56
      51
      44
      45
      34
      41
      41
      38
      51
      52
      47
      35
      42
      43
      46
      41
      36
      45
      37
      29
      37
      32
      38
      42
      41
      44
      30
      39
      33
      39
      32
      39
      33
      34
      30
      36
      29
      34
      31
      39
      23
      22
      36
      29
      32
      38
      29
      31
      28
      22
      29
      26
      19
      26
      21
      25
      20
      32
      23
      27
      29
      18
      26
      21
      22
      23
      19
      23
      23
      29
      34
      15
      19
      19
      33
      22
      20
      28
      24
      27
      25
      20
      20
      22
      23
      23
      24
      25
      24
      23
      24
      22
      17
      20
      18
      16
      24
      19
      18
      21
      19
      31
      23
      21
      21
      23
      19
      11
      14
      19
      25
      18
      29
      15
      28
      29
      27
      23
      23
      30
      15
      29
      20
      26
      19
      18
      30
      23
      22
      19
      18
      22
      21
      21
      22
      20
      23
      19
      12
      20
      17
      21
      10
      24
      15
      22
      15
      24
      17
      24
      15
      26
      15
      21
      21
      12
      23
      15
      13
      17
      17
      20
      19
      19
      10
      26
      18
      30
      20
      16
      16
      17
      19
      16
      15
      13
      11
      21
      18
      17
      19
      21
      21
      14
      10
      22
      13
      20
      20
      18
      19
      22
      13
      20
      25
      15
      13
      22
      26
      28
      23
      17
      17
      14
      21
      14
      20
      20
      14
      19
      18
      20
      23
      27
      13
      15
      14
      20
      13
      21
      13
      23
      14
      13
      21
      17
      11
      13
      30
      22
      22
      11
      24
      15
      13
       9
      18
      21
      16
      21
      14
      22
      14
      16
      15
      18
      13
      10
      17
      16
      17
       5
      16
      17
      15
       9
      10
      16
      14
      15
      17
      13
      17
       9
       6
      14
      12
      21
      14
      18
      14
      16
      13
       6
       9
      17
      12
      13
       8
      10
      10
      15
      13
      13
      12
      12
       9
      12
      14
      16
       4
      11
       9
      11
       6
      12
      14
      12
      10
      13
      11
      13
      11
      11
      16
       8
      16
      11
       9
      12
       9
      16
      11
      11
      15
      14
      17
      10
      10
      15
      11
      17
      11
      14
       7
      11
      12
      11
      14
      19
      10
      12
       9
      10
      22
      13
      11
       8
       8
       9
      18
      12
       9
       5
      12
       8
      10
      10
       8
      13
      18
       7
      13
      15
       8
      16
      15
       9
      16
      10
      11
      14
      14
      10
      12
       7
      10
       7
      11
       8
      12
       4
       9
      11
       9
      12
       8
      11
      10
      13
       6
      11
      12
      12
      14
      10
       9
      15
      14
      10
      11
      12
      15
       8
       5
       9
       7
       6
       7
       7
      15
       7
       9
      10
       9
       3
      10
      11
       6
       7
       3
       9
       8
       5
       8
      10
       9
      11
       6
      13
      11
       3
       8
       6
       9
       9
      13
      12
       6
       9
       9
       9
       8
      13
       8
       8
       8
      13
      12
       6
       9
       5
      10
       6
      10
       7
      16
       8
       9
       5
      13
       3
       7
       3
       9
       7
       5
       6
       6
       6
      12
       9
       7
       9
       9
       9
       7
      12
       4
       5
      11
       8
       6
       8
       8
       8
      10
      18
       6
       6
       9
       3
       5
       8
      10
       9
      11
       8
      15
      17
       4
       9
      10
      18
       8
      12
      15
      16
      20
      15
      18
      15
      18
      12
      15
      10
      14
      18
      14
      15
      15
      15
      17
      14
      12
      13
      14
      22
      16
      25
      17
      16
      27
      25
      18
      15
      19
      27
      19
      30
      19
      18
      21
      25
      26
      27
      22
      25
      23
      33
      31
      30
      21
      28
      13
      30
      34
      35
      28
      25
      20
      29
      21
      19
      22
      31
      26
      31
      20
      22
      26
      21
      20
      22
      22
      22
      26
      24
      23
      28
      20
      21
      20
      24
      26
      17
      22
      22
      21
      17
      19
      18
      15
      15
      16
      19
      11
      17
      13
      11
       8
       7
      15
       9
      16
      14
       8
      11
       8
      15
      13
       8
       4
       6
       8
      10
       8
       5
      14
       2
      10
       7
       7
       7
       2
      12
       2
       3
       4
       5
       3
       4
       4
       5
       6
       7
       3
       4
       1
       1
       4
       2
       5
       6
       8
       1
       3
       2
       3
       4
       3
       3
       3
       4
       3
       5
       3
       2
       0
       1
       4
       4
       5
       2
       1
       0
       1
       3
       4
       4
       3
       5
       3
       5
       2
$ROI:
0
$PRESETS:
Live Time
600
0
$ENER_FIT:
3.366946 1.602176
$MCA_CAL:
3
3.366946E+000 1.602176E+000 -1.165550E-005 keV
$SHAPE_CAL:
3
4.916061E+001 0.000000E+000 0.000000E+000
