$SPEC_ID:
No sample description was entered.
$SPEC_REM:
DET# 2
DETDESC# BGO detector for MSc Detector lab
AP# Maestro Version 7.01
$DATE_MEA:
10/07/2019 18:19:38
$MEAS_TIM:
600 603
$DATA:
0 1023
       0
       0
       0
       0
       0
     231
    1541
    1791
    1859
    2198
    2685
    3225
    3947
    4692
    5234
    5554
    5750
    5665
    5357
    4898
    4343
    3854
    3194
    2676
    2355
    1959
    1723
    1544
    1355
    1295
    1239
    1157
    1118
    1152
    1182
    1202
    1233
    1271
    1282
    1225
    1229
    1339
    1352
    1417
    1458
    1541
    1452
    1499
    1439
    1524
    1497
    1528
    1532
    1577
    1527
    1557
    1518
    1436
    1522
    1481
    1440
    1505
    1531
    1483
    1466
    1532
    1495
    1515
    1536
    1524
    1565
    1600
    1482
    1545
    1495
    1532
    1460
    1595
    1543
    1551
    1496
    1514
    1528
    1471
    1602
    1620
    1545
    1594
    1563
    1519
    1580
    1600
    1543
    1594
    1552
    1613
    1653
    1611
    1622
    1662
    1662
    1776
    1680
    1723
    1837
    1843
    1755
    1788
    1820
    1856
    1788
    1863
    1888
    1880
    1973
    1824
    1915
    1907
    1970
    1882
    1890
    1910
    1952
    1932
    1889
    1926
    1883
    1914
    1792
    1839
    1804
    1782
    1825
    1860
    1736
    1758
    1737
    1757
    1760
    1708
    1622
    1688
    1727
    1620
    1701
    1609
    1627
    1612
    1578
    1613
    1522
    1596
    1562
    1505
    1516
    1471
    1425
    1480
    1415
    1463
    1448
    1351
    1371
    1417
    1380
    1338
    1371
    1326
    1350
    1272
    1295
    1255
    1255
    1282
    1190
    1258
    1209
    1201
    1167
    1158
    1193
    1094
    1159
    1174
    1105
    1056
    1076
    1079
    1044
    1028
    1052
    1007
    1004
    1013
    1013
     966
     991
     990
     943
     977
     858
     938
     940
     931
     897
     892
     903
     967
     888
     924
     857
     786
     871
     826
     801
     810
     812
     829
     844
     787
     767
     808
     799
     806
     785
     743
     757
     746
     755
     704
     707
     755
     698
     697
     686
     680
     711
     673
     685
     650
     675
     650
     684
     694
     653
     667
     665
     692
     685
     625
     657
     605
     627
     636
     627
     646
     599
     607
     573
     591
     616
     581
     615
     598
     591
     541
     587
     583
     556
     515
     543
     611
     567
     572
     512
     546
     523
     559
     516
     502
     510
     496
     522
     448
     460
     512
     440
     515
     447
     450
     429
     476
     439
     444
     417
     423
     374
     406
     397
     382
     383
     388
     356
     391
     328
     361
     342
     325
     279
     309
     296
     286
     269
     265
     247
     287
     264
     278
     240
     264
     271
     247
     259
     259
     234
     214
     235
     220
     242
     237
     225
     231
     229
     216
     225
     226
     220
     265
     241
     248
     289
     297
     271
     288
     322
     290
     272
     339
     337
     326
     381
     378
     405
     454
     458
     527
     508
     573
     618
     649
     707
     782
     835
     872
     955
    1071
    1160
    1245
    1362
    1425
    1583
    1713
    1848
    1860
    2070
    2291
    2463
    2622
    2779
    2861
    3182
    3309
    3626
    3760
    3866
    4305
    4404
    4781
    4897
    5138
    5279
    5510
    5833
    5991
    6203
    6483
    6567
    6883
    7050
    6983
    7410
    7395
    7641
    7641
    7801
    7805
    8045
    8063
    7937
    8058
    8080
    8098
    7940
    7848
    7752
    7760
    7703
    7468
    7539
    7330
    7028
    6863
    6826
    6468
    6463
    6070
    5871
    5638
    5407
    5253
    5084
    4777
    4524
    4353
    4046
    4001
    3679
    3513
    3242
    3088
    2863
    2731
    2510
    2266
    2148
    2032
    1922
    1794
    1626
    1549
    1300
    1280
    1164
    1057
     898
     832
     744
     693
     621
     600
     529
     493
     415
     390
     360
     308
     280
     237
     215
     191
     173
     179
     140
     125
     107
      93
      87
     102
      81
      69
      70
      66
      60
      55
      52
      31
      40
      42
      29
      29
      36
      31
      29
      27
      18
      20
      23
      25
      31
      24
      28
      19
      23
      20
      19
      22
      24
      24
      27
      30
      25
      16
      14
      23
      27
      27
      19
      18
      22
      17
      15
      23
      26
      23
      12
      33
      19
      21
      25
      21
      21
      25
      19
      18
      21
      22
      25
      26
      21
      20
      16
      21
      23
      21
      21
      17
      21
      10
      20
      16
      19
      22
      15
      17
      31
      18
      18
      19
      13
      24
      20
      21
      10
      21
      19
      25
      16
      26
      16
      15
      28
      25
      27
      16
      22
      17
      21
      12
      22
      20
      19
      14
      19
      18
      29
      20
      21
      13
      20
      22
      30
      18
      15
      20
      18
      16
      18
      13
      11
      14
      13
      20
      16
      29
      14
       7
      17
      11
      12
      19
      22
      11
      11
       7
      13
      15
      16
      13
      21
       9
      13
      13
      13
      15
      14
      16
       9
      13
      16
       9
      15
      11
      15
       8
       5
      12
      19
       8
      25
      12
      16
      16
      15
      11
      15
      11
      13
      14
      15
      10
      14
      12
      11
      11
      14
      16
      11
      11
      11
      14
      18
      13
       7
      15
      13
      11
      18
      17
      11
       9
      10
      16
      13
      11
      12
      14
      11
      11
      12
       8
      13
      12
      15
      12
      14
      10
      16
      15
       9
      13
      14
      15
      11
      16
      16
      14
      12
      17
      23
      10
      21
      16
      11
       8
      14
      14
      19
      12
      14
       6
      11
      10
       9
      10
       9
      16
       8
       9
      14
      10
      15
      14
      12
      10
      19
       7
       8
      11
      13
       9
       9
      10
      12
       9
       8
       8
       4
      10
      11
      13
       8
       7
      12
       5
      10
      11
      11
      15
       9
      13
      18
      12
      10
       7
      10
      11
       8
      14
      11
      16
      10
       9
       9
       5
      14
      13
      10
       9
       5
      16
       9
      12
      13
      13
      10
       8
      12
      15
      12
       8
       7
       9
       5
       6
       6
       9
      11
       6
      17
       8
       7
      15
      10
       8
      13
       7
       9
       8
      10
      14
       6
      15
      10
      12
       7
       4
       3
       9
      10
      10
      10
       6
      13
       4
       5
       9
       7
       7
       6
       5
       7
      10
      11
       8
      14
       8
       7
       6
      11
      13
       8
       8
      14
       6
       8
       7
       8
       9
      15
      16
       5
      12
      13
      10
      11
      12
      15
       9
       9
      13
       8
      14
      10
      16
      14
      12
      16
      16
       7
      11
       8
      14
      14
      14
      18
      14
      21
      12
      19
      15
      25
      24
      22
      22
      20
      14
      12
      26
      22
      28
      22
      17
      21
      23
      24
      26
      26
      26
      25
      18
      24
      30
      28
      24
      24
      32
      26
      21
      22
      19
      29
      28
      29
      24
      28
      30
      23
      29
      31
      29
      24
      32
      16
      27
      23
      27
      19
      30
      24
      21
      22
      27
      27
      24
      20
      30
      30
      30
      27
      20
      22
      20
      15
      22
      21
      11
      23
      17
      15
      12
       8
      19
      15
      23
      24
      22
      16
      26
      13
      20
      14
       9
      19
      10
      12
       8
       7
       6
      11
       8
      11
      11
      12
      12
       8
       7
       8
       4
       6
       7
       4
       8
       4
       2
       3
       5
       5
       9
       2
       6
      11
       6
       3
       5
       4
       4
       5
       6
       3
       2
       4
       2
       3
       4
       2
       4
       3
       4
       5
       3
       0
       5
       1
       5
       8
       3
       2
       2
       5
       2
       1
       2
       5
       3
       4
       1
       1
       5
       7
       1
       2
       1
       0
       1
$ROI:
0
$PRESETS:
Live Time
600
0
$ENER_FIT:
3.366946 1.602176
$MCA_CAL:
3
3.366946E+000 1.602176E+000 -1.165550E-005 keV
$SHAPE_CAL:
3
4.916061E+001 0.000000E+000 0.000000E+000
