$SPEC_ID:
No sample description was entered.
$SPEC_REM:
DET# 2
DETDESC# BGO detector for MSc Detector lab
AP# Maestro Version 7.01
$DATE_MEA:
10/07/2019 19:42:08
$MEAS_TIM:
595 600
$DATA:
0 1023
       0
       0
       0
       0
       0
    2810
   20208
   26195
   26304
   24864
   21646
   18302
   14867
   12290
    9873
    8427
    7313
    7289
    7473
    8354
   10135
   12466
   15600
   18713
   22604
   27238
   31480
   35943
   39188
   43506
   46248
   48350
   49076
   48768
   47802
   45378
   42589
   38554
   33956
   30233
   25769
   21395
   17593
   14425
   11282
    8851
    6850
    5234
    4049
    2996
    2271
    1756
    1433
    1086
     959
     758
     689
     639
     564
     554
     524
     526
     488
     498
     461
     498
     465
     417
     463
     403
     427
     433
     403
     374
     390
     406
     374
     341
     350
     343
     368
     335
     351
     357
     355
     334
     332
     322
     340
     309
     306
     314
     299
     292
     318
     303
     304
     283
     304
     279
     276
     289
     291
     293
     272
     287
     282
     280
     243
     275
     286
     239
     247
     233
     260
     226
     238
     229
     235
     223
     232
     236
     229
     222
     252
     235
     237
     228
     199
     221
     226
     216
     192
     202
     192
     224
     195
     205
     205
     203
     195
     185
     180
     175
     180
     162
     190
     196
     170
     158
     175
     155
     173
     168
     145
     157
     169
     125
     151
     157
     154
     137
     157
     135
     157
     136
     152
     142
     128
     180
     144
     148
     125
     113
     138
     110
     135
     125
     136
     112
     130
     126
     109
     115
     126
     130
     133
     127
     120
     100
     118
     134
     134
      94
     118
      81
     116
     127
      92
     120
      99
     108
      94
     116
      95
     108
      88
      95
      96
      82
     102
      77
      98
      91
      73
      91
      92
      82
     108
      81
      91
      83
      72
      72
      81
      76
      72
      88
      75
      77
      86
      74
      81
      68
      68
      84
      79
      59
      72
      65
      45
      68
      79
      67
      64
      56
      67
      55
      50
      60
      63
      68
      68
      53
      62
      62
      60
      52
      79
      60
      55
      45
      47
      58
      61
      47
      49
      57
      56
      40
      44
      56
      53
      50
      49
      46
      54
      64
      46
      58
      51
      49
      52
      50
      52
      50
      53
      42
      60
      49
      41
      52
      60
      55
      52
      53
      50
      40
      45
      43
      49
      61
      48
      58
      42
      48
      46
      44
      53
      47
      50
      56
      43
      44
      41
      38
      47
      46
      44
      50
      53
      50
      46
      39
      53
      41
      39
      52
      50
      51
      28
      44
      50
      41
      38
      34
      36
      35
      34
      36
      41
      42
      44
      38
      59
      43
      42
      35
      41
      50
      46
      39
      44
      37
      42
      31
      44
      49
      43
      35
      50
      40
      55
      42
      49
      39
      59
      36
      42
      41
      38
      49
      39
      24
      39
      45
      47
      42
      39
      44
      33
      32
      42
      45
      41
      38
      39
      39
      36
      38
      35
      35
      33
      40
      34
      44
      31
      19
      35
      38
      27
      42
      23
      29
      29
      29
      39
      28
      18
      38
      37
      22
      27
      24
      30
      32
      30
      29
      28
      29
      20
      24
      21
      18
      14
      20
      27
      24
      22
      27
      21
      21
      24
      23
      23
      23
      23
      27
      25
      28
      20
      28
      23
      27
      24
      26
      21
      17
      26
      24
      26
      20
      34
      20
      24
      21
      20
      24
      24
      25
      22
      21
      17
      19
      19
      22
      18
      23
      23
      26
      25
      22
      17
      14
      18
      20
      15
      33
      17
      26
      17
      29
      19
      19
      21
      17
      26
      25
      23
      28
      21
      19
      20
      13
      18
      17
      22
      27
      21
      14
      24
      25
      21
      12
      15
      24
      19
      14
      18
      18
      11
      21
      19
      27
      19
      24
      15
      22
      22
      17
      15
      15
      19
      13
      14
      18
      12
      20
      19
      10
      24
      13
      12
      23
      17
      22
      27
      19
      17
      15
      20
      23
      21
      19
      22
      20
      23
      10
      18
      15
      22
      23
      18
      18
      21
      24
      14
      20
      17
      13
      20
      19
      23
      13
      27
      17
      20
      11
      19
      17
      19
      11
      25
      22
      24
      22
      13
      10
      21
      19
      14
      12
      17
      16
      10
      20
      15
      15
      15
      15
      13
      23
      11
      21
      16
      14
      22
      14
      13
      15
      20
      19
      14
      13
      13
      13
      12
      13
      16
      14
      10
      11
      22
      16
      14
      15
      13
      14
      20
      19
      18
      18
      13
       7
      16
      20
      16
       9
      12
      13
      12
      14
      13
       9
      23
      13
      12
      14
      13
      10
      12
      13
      12
       9
      13
       7
      11
      10
       6
      11
      14
      11
       5
      18
      13
      12
      10
       5
      18
      12
      10
      10
      14
      10
      13
      11
       7
      18
      11
      17
      11
      15
       9
      17
      12
      15
      11
      11
       8
       8
      13
      10
      15
      17
      15
      15
      12
      17
      13
      11
      17
      13
      12
      13
      12
      11
      17
      17
      17
      10
       7
      16
       8
      13
      11
      13
      10
      12
      10
      10
      15
      23
      16
      13
      15
      14
       9
      14
       9
      16
       9
      11
      12
      12
      12
       9
      16
      16
       8
      12
       7
       6
      17
       9
      12
      15
       9
       6
      10
      17
       6
      12
       3
      10
       9
      13
       7
       9
      12
      15
       6
      11
       8
       8
       6
       8
      11
      11
       7
       9
       6
      10
       5
       8
       8
       8
       8
       9
      10
      14
       6
      11
       6
      10
       6
      11
       6
       8
       7
      12
       6
      10
      10
       3
       7
       6
       8
       6
       7
       7
      10
       9
      10
       9
       7
      12
      12
      11
       9
       6
       9
       5
       7
       9
       8
       5
       9
       1
       6
       3
       7
       9
       6
       9
       9
       4
      12
       6
       8
       0
       7
       6
       8
      14
       3
      11
      11
       6
      10
       5
       8
      11
      14
       5
       4
      12
       7
      13
      13
      10
       9
       6
       9
       6
       4
      14
      13
      11
       7
      14
       8
      11
      17
       6
       8
      11
      16
      14
      16
      15
      17
      15
      14
      11
      17
      20
      15
      12
      10
      15
      21
      19
      20
      21
      23
      18
      25
      21
      18
      24
      19
      20
      25
      23
      16
      19
      23
      21
      24
      31
      20
      23
      30
      29
      29
      28
      23
      21
      28
      28
      31
      37
      25
      22
      30
      35
      33
      25
      24
      34
      27
      34
      34
      27
      20
      20
      22
      22
      27
      22
      25
      26
      31
      23
      30
      24
      18
      25
      25
      20
      21
      21
      18
      19
      18
      21
      17
      20
      24
      16
      22
      15
      20
      21
      12
      10
      15
       9
       4
      10
      16
      11
      17
      11
       8
      12
      13
       9
       6
       6
      15
       9
       4
      10
       9
       9
       9
       8
       7
       4
       8
       7
       6
       9
       1
       6
      10
       8
       5
       8
       8
       3
       3
       3
       2
       4
       1
       4
       6
       2
       4
       3
       3
       5
       6
       4
       0
       5
       2
       4
       5
       2
       1
       3
       2
       3
       1
       1
       2
       4
       2
       2
       2
       5
       1
       4
       4
       5
       1
       3
       5
       3
       3
       2
$ROI:
0
$PRESETS:
Live Time
600
0
$ENER_FIT:
3.366946 1.602176
$MCA_CAL:
3
3.366946E+000 1.602176E+000 -1.165550E-005 keV
$SHAPE_CAL:
3
4.916061E+001 0.000000E+000 0.000000E+000
