$SPEC_ID:
No sample description was entered.
$SPEC_REM:
DET# 2
DETDESC# BGO detector for MSc Detector lab
AP# Maestro Version 7.01
$DATE_MEA:
10/21/2019 19:13:40
$MEAS_TIM:
1798 1800
$DATA:
0 1023
       0
       0
       0
       0
       0
     102
     648
     723
     649
     588
     627
     534
     546
     594
     549
     499
     580
     551
     611
     572
     589
     650
     684
     736
     724
     851
     834
     927
     945
    1046
     999
    1133
    1161
    1211
    1342
    1352
    1410
    1484
    1472
    1572
    1598
    1642
    1670
    1761
    1725
    1818
    1818
    1747
    1770
    1781
    1838
    1665
    1756
    1712
    1660
    1675
    1665
    1573
    1546
    1574
    1441
    1444
    1400
    1403
    1422
    1353
    1312
    1346
    1260
    1275
    1242
    1290
    1227
    1252
    1245
    1182
    1196
    1192
    1171
    1133
    1169
    1145
    1230
    1107
    1112
    1065
    1051
    1094
    1113
    1060
    1125
    1010
    1056
    1023
     991
     976
     945
     976
     956
     955
     941
     940
     924
     918
     930
     927
     893
     895
     869
     859
     858
     885
     848
     815
     804
     868
     801
     769
     777
     804
     817
     693
     734
     741
     796
     754
     741
     722
     761
     767
     794
     711
     720
     713
     733
     672
     710
     662
     695
     701
     699
     671
     734
     665
     675
     680
     654
     621
     615
     617
     546
     600
     639
     564
     564
     586
     574
     557
     533
     529
     562
     537
     510
     521
     535
     506
     577
     516
     477
     527
     532
     454
     510
     492
     500
     515
     501
     474
     489
     462
     454
     474
     461
     455
     480
     421
     447
     423
     440
     399
     410
     375
     398
     389
     428
     385
     417
     392
     436
     376
     394
     399
     382
     382
     399
     371
     367
     410
     353
     422
     396
     399
     386
     359
     349
     351
     361
     358
     336
     340
     337
     316
     346
     335
     315
     293
     312
     320
     312
     294
     295
     296
     293
     296
     297
     282
     284
     252
     301
     293
     280
     279
     253
     254
     268
     246
     255
     244
     224
     237
     221
     232
     236
     265
     222
     209
     212
     237
     225
     252
     214
     190
     215
     226
     199
     242
     217
     197
     214
     218
     198
     213
     208
     203
     198
     196
     194
     191
     189
     193
     202
     195
     210
     201
     157
     211
     193
     178
     193
     176
     191
     182
     192
     181
     214
     205
     198
     178
     186
     193
     166
     170
     181
     183
     169
     166
     186
     170
     176
     175
     198
     168
     184
     172
     196
     182
     163
     178
     191
     169
     179
     172
     149
     153
     186
     168
     167
     158
     176
     176
     172
     182
     181
     181
     184
     166
     171
     162
     176
     182
     146
     163
     163
     167
     165
     176
     192
     177
     168
     175
     172
     158
     162
     180
     182
     181
     177
     147
     173
     151
     164
     181
     174
     186
     175
     169
     170
     184
     178
     186
     201
     171
     175
     152
     191
     199
     190
     174
     177
     194
     170
     184
     173
     178
     166
     178
     178
     175
     172
     170
     167
     184
     186
     167
     179
     157
     168
     166
     169
     169
     167
     177
     173
     160
     135
     161
     151
     170
     169
     156
     152
     136
     157
     162
     139
     157
     158
     143
     149
     134
     144
     148
     145
     130
     133
     137
     145
     140
     127
     128
     146
     122
     146
     140
     125
     116
     132
     130
     107
     125
     120
     104
     119
     114
     117
     101
     113
     110
      98
     119
     106
     107
      80
      93
      89
     104
     105
      94
     102
     106
     110
      97
     108
     107
      79
      87
      90
      97
      86
      82
      97
      87
     102
      87
     101
      86
      86
      97
      90
      77
      97
      97
      80
      88
      87
     105
      72
     108
     111
      97
      96
      94
      77
     100
      98
      69
      97
      80
      96
      84
      96
      83
      76
      95
      85
     103
      81
      77
      98
      90
      69
      75
      82
      79
      76
      92
      92
      69
      89
      64
      88
      74
      92
      91
      56
     112
      75
      91
      70
      86
      86
      88
      84
      70
      83
      72
      74
      74
      73
      62
      86
      83
      70
      94
      76
      66
      75
      75
      73
      79
      81
      93
      79
      80
      66
      74
      81
      76
      85
      94
      90
      85
      85
      85
      67
      75
      81
      70
      64
      88
      83
      83
      89
      66
      82
      98
      80
      72
      79
      76
      85
      80
      85
      69
      84
      73
      76
      84
      83
      90
      75
      71
      68
      71
      71
      82
      79
      71
      73
      76
      71
      62
      65
      82
      62
      75
      69
      60
      82
      63
      73
      59
      78
      57
      67
      75
      55
      53
      57
      62
      60
      65
      54
      44
      71
      55
      46
      55
      64
      60
      61
      53
      50
      49
      57
      52
      49
      58
      49
      69
      49
      53
      67
      44
      59
      60
      48
      53
      53
      50
      49
      50
      53
      48
      56
      50
      67
      55
      59
      47
      51
      57
      52
      64
      58
      55
      61
      63
      62
      65
      52
      81
      58
      57
      61
      67
      58
      68
      65
      67
      78
      80
      79
      81
      99
      85
      89
      95
      88
      97
      89
     110
      97
     108
      82
     115
     112
     125
     115
     137
     141
     133
     132
     141
     132
     152
     150
     157
     183
     178
     151
     173
     174
     173
     209
     210
     203
     195
     197
     225
     225
     189
     224
     242
     238
     239
     212
     244
     236
     233
     224
     257
     227
     249
     243
     258
     236
     240
     254
     232
     262
     259
     227
     253
     257
     223
     252
     259
     212
     238
     213
     230
     229
     231
     208
     226
     203
     233
     224
     220
     184
     194
     191
     183
     167
     187
     180
     171
     188
     164
     144
     137
     147
     134
     128
     138
     151
     143
     122
     143
     140
     125
     140
     126
     116
     135
     128
     127
     126
     104
     112
     127
     122
     129
     148
     113
     129
     115
     123
     125
     133
     125
     123
     169
     132
     128
     131
     158
     145
     157
     134
     154
     154
     140
     141
     160
     177
     164
     184
     162
     184
     177
     179
     152
     174
     191
     169
     183
     219
     215
     215
     176
     200
     204
     218
     201
     189
     194
     207
     229
     221
     201
     200
     225
     197
     191
     208
     209
     208
     209
     220
     199
     198
     205
     191
     186
     208
     188
     193
     165
     182
     178
     149
     166
     177
     167
     175
     162
     162
     157
     133
     157
     136
     140
     160
     148
     141
     161
     111
     128
     135
     118
     145
     145
     118
     121
     115
     107
     108
     124
     116
     118
     120
     109
     100
     117
     100
      91
      88
     100
      98
     101
     121
     104
     118
      97
     104
      96
      95
      95
      98
      85
      94
      88
      91
     102
      96
      78
      77
      72
      98
      79
      89
      77
      88
      82
      83
      83
      65
      92
      70
      66
      71
      93
      77
      61
      86
      68
      85
      66
      66
      66
      69
      75
      50
      54
      57
      50
      53
      49
      59
      62
      60
      63
      58
      59
      41
      49
      48
      51
      32
      39
      43
      48
      39
      41
      37
      28
      41
      25
      20
      32
      21
      25
      23
      26
      31
      25
      21
      21
      15
      15
      20
      15
      17
      15
      13
      20
      19
      17
      19
      19
      11
      10
      24
      12
      11
      17
      10
      12
      10
      12
       4
       9
      12
      11
       7
      10
      17
       9
       4
       9
       9
      12
       7
      13
       6
      10
       8
      12
       6
      11
      13
      16
$ROI:
0
$PRESETS:
Live Time
1800
0
$ENER_FIT:
3.366946 1.602176
$MCA_CAL:
3
3.366946E+000 1.602176E+000 -1.165550E-005 keV
$SHAPE_CAL:
3
4.916061E+001 0.000000E+000 0.000000E+000
