$SPEC_ID:
No sample description was entered.
$SPEC_REM:
DET# 2
DETDESC# BGO detector for MSc Detector lab
AP# Maestro Version 7.01
$DATE_MEA:
10/07/2019 19:05:15
$MEAS_TIM:
599 600
$DATA:
0 1023
       0
       0
       0
       0
       0
      34
     233
     239
     229
     201
     162
     155
     172
     179
     197
     163
     184
     185
     187
     152
     180
     219
     202
     242
     240
     273
     267
     306
     318
     350
     370
     410
     375
     435
     439
     487
     462
     508
     476
     489
     487
     515
     551
     548
     552
     556
     555
     561
     567
     578
     571
     536
     528
     567
     530
     532
     505
     486
     492
     519
     466
     441
     470
     468
     431
     453
     407
     409
     411
     437
     481
     423
     364
     398
     392
     410
     350
     326
     402
     399
     382
     363
     341
     348
     390
     349
     385
     347
     359
     359
     319
     371
     402
     328
     337
     301
     345
     315
     325
     335
     328
     290
     294
     300
     313
     310
     252
     284
     276
     259
     271
     265
     274
     300
     286
     287
     267
     259
     266
     251
     261
     253
     265
     239
     266
     253
     244
     240
     269
     235
     252
     228
     265
     236
     233
     234
     226
     235
     241
     226
     251
     225
     226
     195
     183
     220
     193
     211
     242
     217
     215
     198
     201
     195
     222
     205
     183
     195
     209
     184
     173
     191
     165
     175
     154
     169
     164
     164
     150
     147
     158
     158
     164
     161
     141
     155
     189
     124
     140
     152
     148
     153
     136
     160
     137
     150
     152
     123
     149
     118
     132
     132
     134
     129
     124
     139
     139
     134
     115
     137
     125
     127
     124
     127
     129
     121
     114
     129
     115
     105
     112
     125
     110
     139
     105
     115
     120
     103
     118
     116
     117
      99
     124
     110
      90
     113
      87
     109
      95
      88
      93
     110
      84
      93
      89
      92
      99
     103
      81
      87
      70
      82
      97
      92
      94
      79
      89
      79
      78
      78
      69
      72
      83
      68
      67
      85
      84
      73
      68
      66
      72
      87
      63
      73
      66
      71
      64
      69
      63
      86
      60
      52
      73
      72
      59
      69
      78
      64
      63
      65
      79
      73
      62
      62
      49
      54
      60
      49
      64
      69
      64
      63
      68
      58
      57
      63
      78
      49
      75
      69
      58
      68
      70
      57
      68
      69
      70
      56
      59
      49
      65
      62
      66
      61
      61
      54
      54
      52
      48
      63
      60
      66
      69
      53
      57
      54
      67
      51
      59
      63
      54
      65
      45
      54
      56
      51
      62
      65
      68
      58
      56
      66
      43
      71
      49
      57
      61
      56
      68
      59
      55
      54
      62
      59
      65
      43
      58
      57
      59
      51
      59
      59
      62
      49
      63
      52
      60
      54
      56
      69
      60
      54
      52
      66
      66
      61
      58
      49
      42
      45
      52
      44
      56
      62
      46
      58
      51
      51
      60
      48
      45
      49
      45
      67
      55
      57
      47
      65
      47
      53
      44
      48
      53
      45
      49
      53
      60
      54
      48
      51
      54
      38
      48
      57
      45
      48
      41
      49
      49
      43
      45
      39
      36
      52
      43
      38
      27
      41
      38
      37
      29
      26
      35
      54
      46
      42
      47
      43
      38
      30
      39
      28
      26
      35
      44
      32
      31
      24
      41
      24
      26
      36
      33
      33
      36
      28
      37
      31
      32
      30
      26
      34
      33
      36
      36
      38
      24
      33
      34
      30
      39
      39
      31
      30
      39
      25
      34
      36
      33
      19
      32
      20
      28
      27
      34
      28
      29
      30
      23
      30
      32
      25
      21
      25
      29
      34
      27
      30
      34
      27
      18
      33
      25
      23
      23
      30
      33
      35
      30
      29
      21
      29
      26
      29
      27
      30
      27
      25
      18
      24
      20
      30
      23
      28
      17
      27
      21
      25
      26
      31
      24
      16
      38
      34
      34
      32
      33
      26
      23
      26
      39
      30
      23
      23
      16
      25
      23
      29
      30
      31
      22
      22
      28
      33
      23
      20
      19
      27
      28
      27
      22
      20
      26
      31
      32
      20
      30
      29
      19
      21
      30
      20
      33
      25
      16
      33
      24
      28
      27
      27
      26
      34
      22
      18
      23
      28
      25
      30
      25
      23
      22
      28
      17
      25
      25
      21
      28
      29
      21
      20
      17
      25
      28
      27
      12
      17
      29
      25
      18
      16
      15
      24
      35
      20
      15
      16
      18
      22
      21
      20
      17
      23
      14
      18
      25
      18
      20
      17
      16
      14
      16
      15
      13
      19
      16
      24
      11
      20
      24
      16
      18
      12
      10
      18
      22
      18
      26
      17
      24
      21
      15
      14
      17
      19
      25
      15
      15
      22
      27
      16
      23
      21
      27
      21
      18
      19
      16
      20
      23
      28
      22
      23
      20
      16
      21
      30
      20
      34
      26
      31
      35
      29
      37
      31
      40
      37
      36
      45
      41
      39
      43
      49
      38
      55
      51
      42
      57
      44
      64
      51
      50
      61
      57
      50
      65
      71
      77
      62
      74
      68
      77
      71
      71
      72
      88
      76
      72
      68
      94
      72
      94
      75
      88
      87
      85
      86
      84
      71
      80
      90
      81
      96
      91
      75
      77
      80
      82
      81
      73
      95
      71
      88
      71
      82
      57
      94
      67
      66
      67
      80
      61
      62
      61
      50
      63
      76
      63
      62
      62
      53
      63
      65
      52
      58
      41
      47
      35
      45
      39
      46
      41
      47
      42
      30
      44
      45
      44
      43
      37
      48
      45
      44
      39
      38
      43
      33
      44
      43
      41
      44
      44
      44
      30
      42
      51
      47
      48
      48
      42
      41
      55
      51
      62
      51
      57
      53
      48
      60
      61
      58
      52
      59
      58
      63
      63
      55
      57
      58
      65
      68
      70
      75
      83
      67
      60
      52
      70
      53
      68
      55
      77
      55
      59
      63
      75
      91
      78
      63
      60
      54
      68
      63
      57
      79
      69
      67
      54
      51
      55
      59
      60
      58
      59
      45
      60
      36
      58
      47
      54
      46
      49
      48
      57
      54
      39
      41
      35
      41
      40
      39
      35
      43
      44
      49
      34
      39
      33
      38
      32
      30
      36
      43
      44
      47
      34
      35
      33
      41
      30
      36
      32
      40
      27
      41
      35
      35
      27
      36
      30
      16
      30
      27
      37
      35
      18
      20
      27
      43
      31
      29
      21
      35
      26
      37
      25
      27
      26
      27
      23
      35
      29
      30
      25
      22
      20
      16
      24
      22
      22
      22
      31
      21
      25
      21
      19
      14
      23
      19
      19
      20
      23
      23
      28
      17
       9
      15
      11
      17
      16
      17
      16
      13
      16
      12
      16
      10
      11
      15
      10
      10
       8
       8
      10
       7
      10
       5
       2
       6
       9
       6
       2
       6
       5
       4
       3
       7
       6
       9
       4
       8
       4
       6
       7
       4
       4
       2
       2
       7
       1
       4
       2
       6
       3
       2
       3
       5
       3
       2
       3
       1
       2
       3
       4
       2
       3
       3
       7
       3
       3
       2
       6
       3
       1
       2
       2
       1
       1
       4
       2
       2
       5
       3
       1
       2
$ROI:
0
$PRESETS:
Live Time
600
0
$ENER_FIT:
3.366946 1.602176
$MCA_CAL:
3
3.366946E+000 1.602176E+000 -1.165550E-005 keV
$SHAPE_CAL:
3
4.916061E+001 0.000000E+000 0.000000E+000
