$SPEC_ID:
No sample description was entered.
$SPEC_REM:
DET# 2
DETDESC# BGO detector for MSc Detector lab
AP# Maestro Version 7.01
$DATE_MEA:
10/07/2019 19:17:25
$MEAS_TIM:
1199 1200
$DATA:
0 1023
       0
       0
       0
       0
       0
      65
     436
     465
     392
     365
     363
     356
     350
     353
     377
     352
     354
     342
     328
     389
     407
     418
     408
     421
     454
     444
     543
     555
     597
     607
     643
     717
     733
     751
     810
     847
     905
     955
     944
     967
     997
    1080
    1049
    1125
    1074
    1092
    1125
    1141
    1164
    1097
    1086
    1059
    1143
    1042
    1086
    1043
    1040
    1001
    1007
     949
     934
     944
     905
     912
     924
     861
     886
     848
     843
     810
     817
     746
     853
     805
     773
     753
     725
     681
     759
     789
     726
     694
     742
     696
     693
     730
     716
     698
     684
     684
     699
     641
     662
     650
     676
     643
     641
     634
     653
     634
     614
     610
     575
     571
     572
     537
     584
     587
     570
     539
     538
     549
     547
     534
     563
     505
     543
     533
     498
     520
     534
     503
     474
     481
     488
     524
     532
     536
     477
     499
     497
     496
     493
     514
     469
     445
     463
     461
     487
     452
     459
     479
     429
     437
     426
     413
     430
     395
     403
     410
     385
     401
     390
     412
     367
     362
     403
     375
     338
     372
     331
     344
     366
     323
     321
     335
     331
     300
     320
     357
     339
     345
     305
     320
     307
     322
     279
     316
     272
     277
     342
     279
     261
     280
     296
     297
     293
     286
     254
     298
     255
     236
     250
     265
     259
     252
     248
     268
     285
     228
     262
     214
     265
     233
     274
     235
     249
     215
     232
     225
     236
     200
     222
     256
     219
     215
     224
     212
     220
     215
     215
     224
     210
     188
     190
     221
     178
     188
     210
     196
     210
     203
     156
     174
     168
     195
     190
     188
     187
     160
     158
     158
     147
     146
     151
     161
     145
     155
     167
     167
     169
     164
     168
     147
     157
     147
     158
     123
     154
     131
     140
     159
     167
     140
     137
     139
     144
     134
     151
     155
     136
     129
     144
     142
     145
     157
     148
     150
     135
      95
     145
     140
     139
     118
     147
     133
     142
     134
     118
     120
     113
     145
     120
     134
     141
     153
     117
     107
     129
     113
     108
     123
     132
     119
     116
     118
     114
     118
     125
     101
     128
     109
     107
     107
     108
     111
     108
     102
     119
     112
     115
     124
     113
     103
     115
      91
      99
     115
     108
      96
     112
     131
     115
     105
     119
     112
     115
      91
     112
     103
     117
     123
     114
     125
     102
      88
     107
      94
     117
     112
     117
     102
     117
      87
     134
     119
     118
     115
     109
     100
     115
     105
      98
     108
      97
     100
     115
     117
     129
     130
      92
      93
     121
     129
     128
     114
     105
     104
     106
     109
     110
     129
     115
     117
     117
     109
     100
      98
     124
     119
     101
     103
      89
     103
      97
     102
      83
      91
     104
     117
      81
      97
      70
      89
      83
      92
      81
      93
      84
      84
      74
      79
      96
      76
      85
      68
      97
      97
      81
      77
      81
      72
      83
      85
      84
      64
      79
      80
      70
      77
      57
      61
      66
      71
      76
      66
      62
      62
      60
      66
      66
      74
      74
      63
      69
      76
      62
      67
      62
      61
      77
      59
      62
      76
      61
      55
      72
      58
      86
      59
      73
      44
      54
      68
      59
      75
      50
      64
      63
      52
      50
      64
      62
      52
      63
      54
      49
      57
      61
      71
      61
      60
      76
      69
      50
      48
      78
      52
      47
      70
      38
      61
      68
      52
      65
      69
      80
      58
      62
      61
      47
      52
      52
      59
      52
      54
      64
      45
      65
      59
      65
      59
      65
      52
      40
      68
      70
      57
      58
      47
      51
      42
      63
      55
      56
      63
      47
      59
      52
      58
      49
      54
      64
      57
      56
      58
      51
      45
      45
      49
      55
      59
      52
      44
      54
      53
      50
      53
      67
      52
      47
      50
      49
      56
      46
      54
      47
      70
      66
      48
      48
      51
      49
      66
      66
      44
      51
      57
      57
      44
      56
      52
      53
      48
      48
      59
      64
      50
      46
      44
      36
      49
      47
      57
      41
      53
      55
      47
      46
      55
      46
      51
      48
      46
      53
      41
      44
      40
      52
      44
      50
      37
      36
      54
      44
      42
      44
      40
      44
      40
      48
      59
      41
      37
      33
      49
      39
      44
      39
      38
      32
      38
      37
      40
      37
      33
      31
      34
      43
      24
      37
      37
      31
      35
      27
      44
      31
      30
      35
      29
      25
      26
      49
      26
      47
      35
      46
      46
      23
      42
      48
      29
      42
      34
      46
      35
      43
      38
      52
      41
      47
      34
      36
      50
      38
      50
      33
      44
      51
      45
      50
      47
      48
      51
      58
      40
      50
      57
      66
      59
      58
      65
      62
      58
      77
      65
      65
      78
      80
      98
      79
      95
      87
      92
      85
     101
      88
     100
      93
     104
      93
      87
     144
     114
     135
     133
     128
     143
     138
     152
     130
     144
     143
     128
     149
     160
     145
     142
     147
     170
     183
     158
     143
     148
     170
     156
     155
     146
     156
     161
     137
     160
     165
     162
     175
     172
     164
     163
     172
     159
     145
     156
     158
     154
     153
     149
     136
     144
     155
     110
     145
     140
     134
     135
     138
     115
     123
     114
     104
      99
      97
      99
     110
      89
     120
     112
     111
     109
      99
      76
      87
      85
      81
      90
      95
      78
      73
      61
      88
      81
      71
      60
      83
      84
      93
      80
      65
      83
      95
      78
      88
      68
     110
      89
      90
      86
      81
     100
     106
      99
      95
     118
     119
      91
      93
     106
     109
     112
     110
     109
     126
     140
     136
     118
     126
     140
     118
     129
     115
     131
     122
     133
     122
     141
     137
     134
     143
     141
     124
     138
     138
     133
     142
     135
     142
     127
     141
     132
     142
     136
     117
     128
     131
     135
     135
     151
     139
     139
     124
     120
     131
     122
     137
     128
     101
     119
     101
     105
      95
     102
     115
     102
      99
     113
      81
      86
      79
      87
      95
      92
      86
      89
      88
      72
      90
      96
      81
      78
      66
      86
      79
      57
      84
      71
      55
      57
      77
      69
      78
      64
      79
      65
      65
      69
      55
      66
      60
      67
      63
      71
      61
      71
      69
      54
      50
      55
      50
      65
      55
      61
      66
      62
      63
      53
      64
      57
      47
      42
      62
      45
      60
      57
      61
      40
      46
      48
      48
      44
      44
      36
      42
      46
      42
      52
      42
      45
      35
      37
      34
      32
      28
      42
      36
      30
      23
      30
      33
      29
      31
      17
      27
      25
      26
      29
      16
      18
      21
      14
      20
      19
      13
      15
      15
      22
      19
      18
      20
      13
      15
      11
      10
      17
       8
       6
      11
      12
      15
       6
      13
      12
       7
       4
       8
      12
       9
       9
       5
       8
       3
       8
       7
       5
       6
      11
       9
      10
      10
       3
       7
       3
      10
       8
       4
      11
       4
       4
      11
       8
       5
       4
       6
       7
       4
       9
       2
       4
       3
       8
       4
       5
       4
       4
       6
       4
$ROI:
0
$PRESETS:
Live Time
1200
0
$ENER_FIT:
3.366946 1.602176
$MCA_CAL:
3
3.366946E+000 1.602176E+000 -1.165550E-005 keV
$SHAPE_CAL:
3
4.916061E+001 0.000000E+000 0.000000E+000
